00000000000000000100000000100001
00100000000010010000000000001010
00100000000010100000000000001101
00000001001010010101100000011000
00001000000000000000000000011001
//bubble:
00100000000010000000000000001010
00100000000010010000000000000100
00000001000010010110000000011000
//outer:
00100000000011100000000000001000
00000001100011100100000000100011
00100000000010010000000000000000
//inner:
10001101000010100000000000000100
10001101000010110000000000000000
00000001011010100000100000100011
00011100001000000000000000000011
10101101000010100000000000000000
10101101000010110000000000000100
00100000000010010000000000000001
//no_swap:
00100000000011010000000000000100
00000001000011010100000000100011
00000001000000000000100000101010
00011100001000000000000000000001
00001000000000000000000000001011
//next_turn:
00010101001000001111111111110000
00001000000000000000000000011101
//Jump:
00000001010010010101000000100011
//Loop:
00000001011010100110000000100001
00010001001010101111111111111110
00001000000000000000000000000101
//End:
00000000000000000000000000000000








